9.419292526862250992e-02 9.902209344440422722e-02 1.038512616201859584e-01 1.183387661475311242e-01 1.448991911143306111e-01 1.666304479053483389e-01 9.419292526862250992e-02 6.763250030182302308e-02 7.246166847760475427e-02 2.899915489556924644e-02 2.414584087890861772e-05 7.267898104551492530e-03 2.438729928769770017e-03 2.414584087890861772e-05 2.414584087890861772e-05
3.763058516859940639e-01 2.199044213481268772e-01 1.550713497978143951e-01 9.825886441867459631e-02 5.882431574374227118e-02 2.941549978277579330e-02 2.139491361160311689e-02 1.337432744043043874e-02 6.022123450188818401e-03 2.011830364602479760e-03 1.343448183671423247e-03 6.683821809310564718e-06 6.683821809310564718e-06 6.683821809310564718e-06 1.805300270694783216e-02
5.213227721289063199e-01 2.340729921539987102e-01 1.164766024380652076e-01 5.505683201318274655e-02 2.771754395820457545e-02 1.423515532835233077e-02 2.999831470142124996e-03 4.497874651236819475e-03 7.527666985000838187e-04 7.527666985000838187e-04 3.745107952736735690e-06 3.782559032264103073e-04 3.745107952736735690e-06 3.745107952736735690e-06 2.172537123382580274e-02
6.045536839360976522e-01 2.187071824804830700e-01 8.980200744463591456e-02 2.868067725909938595e-02 1.564532248019349578e-02 4.927364106426427616e-03 8.719203974334830288e-04 1.451269498718189398e-03 8.719203974334830288e-04 2.896745506423531984e-06 2.896745506423531984e-06 2.896745506423531984e-06 2.896745506423531984e-06 2.896745506423531984e-06 3.447416827194645095e-02
6.628224894644874077e-01 1.847231399497818727e-01 6.490462975199327855e-02 2.643349044829154323e-02 8.519448482445703824e-03 3.527010557537845446e-03 1.471300823752256983e-03 2.936728191122269274e-06 2.936728191122269274e-06 2.936728191122269274e-06 2.936728191122269274e-06 2.936728191122269274e-06 2.936728191122269274e-06 2.936728191122269274e-06 4.757793342437188766e-02
6.964674221422431089e-01 1.802798177779938449e-01 4.636934001264527566e-02 1.524244929721316200e-02 2.921388389021284827e-03 9.759577193067777226e-04 3.242384449524178603e-06 3.242384449524178603e-06 3.242384449524178603e-06 3.242384449524178603e-06 3.242384449524178603e-06 3.242384449524178603e-06 3.242384449524178603e-06 3.242384449524178603e-06 5.771768558597990123e-02
7.381965463928745752e-01 1.502558630751474333e-01 3.440977288069156648e-02 1.002112231343770324e-02 3.052936437079457280e-03 4.398667334451143956e-04 4.398667334451143956e-04 4.355116172723904672e-06 4.355116172723904672e-06 4.355116172723904672e-06 4.355116172723904672e-06 4.355116172723904672e-06 4.355116172723904672e-06 4.355116172723904672e-06 6.315353962066934390e-02
7.773209720321256899e-01 1.172481470960411165e-01 2.686258812591999640e-02 6.203031789892312492e-03 1.038142705885391082e-03 5.164889084006921200e-06 5.216537974846990064e-04 5.164889084006921200e-06 5.164889084006921200e-06 5.164889084006921200e-06 5.164889084006921200e-06 5.164889084006921200e-06 5.164889084006921200e-06 5.164889084006921200e-06 7.076414533997882339e-02
7.870178300897332502e-01 1.079982907974983558e-01 1.399215320669696533e-02 3.892320242395991194e-03 7.846793303033835348e-04 7.769102280231520030e-06 7.769102280231520030e-06 7.769102280231520030e-06 7.769102280231520030e-06 7.769102280231520030e-06 7.769102280231520030e-06 7.769102280231520030e-06 7.769102280231520030e-06 7.769102280231520030e-06 8.624480441285009569e-02
7.665370610380795036e-01 9.505647102388446734e-02 1.359007591186817479e-02 1.235573659198913911e-02 1.234339319879034903e-05 1.234339319879034903e-05 1.234339319879034903e-05 1.234339319879034903e-05 1.234339319879034903e-05 1.234339319879034903e-05 1.234339319879034903e-05 1.234339319879034903e-05 1.234339319879034903e-05 1.234339319879034903e-05 1.123372215021909565e-01
7.994250208661783930e-01 7.791894648984513949e-02 3.728090512844292517e-03 1.854771399425021527e-05 1.854771399425021527e-05 1.854771399425021527e-05 1.854771399425021527e-05 1.854771399425021527e-05 1.854771399425021527e-05 1.854771399425021527e-05 1.854771399425021527e-05 1.854771399425021527e-05 1.854771399425021527e-05 1.854771399425021527e-05 1.187239172771955981e-01
7.713561470215464233e-01 1.122940430925222083e-01 7.278652906029333194e-03 3.621220351258375007e-05 3.657432554770958730e-03 3.621220351258375007e-05 3.621220351258375007e-05 3.621220351258375007e-05 3.621220351258375007e-05 3.621220351258375007e-05 3.621220351258375007e-05 3.621220351258375007e-05 3.621220351258375007e-05 3.621220351258375007e-05 1.050516023900054524e-01
8.243800209570377735e-01 4.198393293747815919e-02 1.404121550820816924e-02 6.985679357317497703e-05 6.985679357317497703e-05 6.985679357317497703e-05 6.985679357317497703e-05 6.985679357317497703e-05 6.985679357317497703e-05 6.985679357317497703e-05 6.985679357317497703e-05 6.985679357317497703e-05 6.985679357317497703e-05 6.985679357317497703e-05 1.188264058679706220e-01
8.165675782798252902e-01 7.142290923503763489e-02 7.927070947284976408e-05 7.927070947284976408e-05 7.927070947284976408e-05 7.927070947284976408e-05 7.927070947284976408e-05 7.927070947284976408e-05 7.927070947284976408e-05 7.927070947284976408e-05 7.927070947284976408e-05 7.927070947284976408e-05 7.927070947284976408e-05 7.927070947284976408e-05 1.110582639714625119e-01
8.979218620116378169e-01 1.679135494596841610e-02 1.662510390689942330e-04 1.662510390689942330e-04 1.662510390689942330e-04 1.662510390689942330e-04 1.662510390689942330e-04 1.662510390689942330e-04 1.662510390689942330e-04 1.662510390689942330e-04 1.662510390689942330e-04 1.662510390689942330e-04 1.662510390689942330e-04 1.662510390689942330e-04 8.329177057356609848e-02
